2003	AA	7410.879	2040.8988	602.70483	2877.3481	14.268657	1875.6583
2003	AS	5746.5005	1655.7291	410.3532	2032.7118	17.176598	1630.5298
2003	B6	5192.2925	1505.0669	364.1467	1823.3398	18.698236	1481.0409
2003	CO	4485.209	1163.3135	290.86307	1799.2452	14.472307	1217.3147
2003	DH	4149.6235	1121.0243	308.08777	1629.5819	11.576508	1079.3533
2003	DL	4145.1978	1118.6294	263.03992	1700.0676	10.000339	1053.4606
2003	EV	3804.7678	1065.2067	264.95526	1518.0345	8.813392	947.75793
2003	FL	3803.6538	1030.0128	252.78297	1511.5199	8.209612	1001.1286
2003	HA	3779.1516	1026.334	250.77028	1499.4553	8.178246	994.4138
2003	HP	3652.9727	1025.3403	234.05067	1431.4419	8.761739	953.378
2003	MQ	3666.2192	1018.4687	226.52007	1395.3483	7.963268	1017.9201
2003	NW	3543.2698	1027.3937	228.1533	1342.7717	7.6623693	937.29144
2003	OO	3352.4614	1003.4031	234.58763	1241.2139	8.912444	864.3502
2003	RU	3279.0283	944.02716	226.58308	1251.6135	8.402171	848.40735
2003	TZ	3250.3105	931.0641	221.66527	1242.358	8.724194	846.5027
2003	UA	3417.1594	946.7296	220.23909	1324.3438	8.502144	917.34576
2003	US	3502.495	947.74054	219.05392	1356.6512	8.080297	970.97266
2003	WN	3715.4033	978.2293	226.9179	1354.384	9.149366	1146.7233
2004	AA	4232.6343	1092.6854	283.40222	1533.3772	10.388815	1312.7793
2004	AS	4180.479	1099.2058	271.42288	1477.4537	11.245343	1321.1547
2004	B6	4126.918	1082.6498	265.92865	1457.8413	11.942873	1308.5609
2004	CO	4076.0322	1046.2085	258.3729	1491.943	12.231789	1267.2794
2004	DH	4099.9863	1020.64685	250.4032	1470.5707	11.595752	1346.7727
2004	DL	4263.696	1068.0662	244.05852	1564.5624	11.192713	1375.8234
2004	EV	4111.41	1044.2173	267.61536	1507.7263	10.679565	1281.179
2004	FL	4114.1714	1028.5314	260.35806	1513.0681	10.342904	1301.8733
2004	HA	4074.8115	1022.04663	257.48383	1495.7054	10.328443	1289.2502
2004	HP	4040.4277	1028.8259	249.60307	1478.1262	10.705242	1273.168
2004	MQ	4094.9043	1040.4296	249.55133	1476.1655	10.180183	1318.5792
2004	NW	4037.281	1057.9022	252.35121	1453.672	10.02749	1263.3296
2004	OH	3950.9302	1064.2522	292.81982	1400.4841	9.576431	1183.7938
2004	OO	3852.528	1063.1461	290.34946	1350.6349	9.711193	1138.6865
2004	RU	3808.766	1030.5477	282.82797	1358.6351	9.522112	1127.2312
2004	TZ	3790.2612	1022.8677	279.2952	1354.439	9.652261	1124.0065
2004	UA	3888.1619	1036.0576	273.8661	1403.8243	9.562568	1164.8563
2004	US	3935.8796	1042.8618	271.2966	1418.1786	9.282612	1194.2611
2004	WN	4150.915	1076.769	276.05832	1427.8354	10.191779	1360.06
2005	AA	4301.5957	1115.0922	288.09042	1477.011	10.15176	1411.2526
2005	AS	4302.5835	1129.1561	283.39658	1459.2295	10.430969	1420.3712
2005	B6	4305.433	1124.9115	281.30066	1461.4404	10.609766	1427.1708
2005	CO	4295.438	1114.0078	278.80222	1478.819	10.858716	1412.952
2005	DH	4270.9526	1102.3306	274.82968	1469.2289	10.769466	1413.7949
2005	DL	4331.2324	1118.7723	269.3744	1503.3314	10.513703	1429.2394
2005	EV	4267.018	1119.0039	282.44855	1476.8156	10.159839	1378.5916
2005	F9	4238.125	1111.8931	280.3328	1466.1693	10.067754	1369.6588
2005	FL	4273.538	1107.7408	276.64456	1478.8253	9.900447	1400.4225
2005	HA	4255.764	1104.6086	275.34375	1471.6802	9.872062	1394.2549
2005	HP	4223.702	1102.4598	270.9625	1458.0826	9.885325	1382.3108
2005	MQ	4237.6255	1106.2319	270.23834	1454.8048	9.612378	1396.7361
2005	NW	4230.7964	1130.3752	273.58655	1443.345	9.470753	1374.0197
2005	OH	4166.5527	1125.9729	286.37106	1417.5709	9.511765	1327.1333
2005	OO	4112.1465	1133.9734	283.24728	1387.9618	9.412491	1297.5653
2005	RU	4094.4172	1115.3212	279.56577	1395.1584	9.350788	1295.0397
2005	TZ	4081.114	1110.7909	277.99652	1392.0939	9.334399	1290.919
2005	UA	4127.754	1122.9617	274.93304	1404.6301	9.128382	1316.1199
2005	US	4164.932	1129.5978	273.83478	1416.3257	8.966066	1336.2289
2005	WN	4290.1055	1150.5095	276.50925	1422.281	9.431476	1431.3973
2006	AA	4391.9062	1174.831	281.78964	1455.5862	9.667526	1470.0586
2006	AQ	4384.371	1173.5004	281.16357	1452.4845	9.662056	1467.5895
2006	AS	4374.6387	1173.8678	278.47946	1443.5664	9.837229	1468.9175
2006	B6	4384.8696	1170.9409	277.6383	1450.0653	9.908445	1476.3456
2006	CO	4402.8755	1168.2532	276.96573	1469.205	10.251994	1478.2274
2006	DL	4407.7603	1171.9193	273.0095	1474.5188	10.259492	1478.0801
2006	EV	4353.8413	1172.0059	280.45734	1453.0579	10.140389	1438.2084
2006	F9	4324.6763	1164.3215	278.30652	1444.8716	10.063511	1427.1343
2006	FL	4340.049	1159.4186	275.47272	1449.8262	9.94628	1445.4056
2006	HA	4328.5264	1157.7341	274.56332	1444.9426	9.935076	1441.3704
2006	MQ	4361.3403	1162.593	274.46567	1447.426	9.746374	1467.1322
2006	NW	4345.8716	1171.9966	276.02975	1438.5846	9.756407	1449.5331
2006	OH	4310.613	1171.3893	282.9737	1427.3235	9.603942	1419.3463
2006	OO	4300.2183	1185.6265	279.81406	1408.5227	9.660256	1416.6189
2006	RU	4300.7324	1180.7515	279.69397	1411.9548	9.910862	1418.446
2006	TZ	4294.8696	1178.7017	278.91016	1410.4475	9.904498	1416.9293
2006	UA	4349.3247	1187.8055	277.18747	1425.4043	9.7475605	1449.2046
2006	US	4365.029	1192.1388	275.25336	1432.2181	9.756439	1455.682
2006	WN	4472.134	1211.1959	278.48434	1437.5632	10.322688	1534.5857
2006	XE	4477.413	1206.3857	278.1768	1444.422	10.384603	1538.062
2006	YV	4450.376	1207.9315	274.18802	1420.9745	10.274581	1537.0243
2007	9E	4403.617	1199.8004	271.4488	1402.2087	10.081388	1520.0887
2007	AA	4510.712	1224.8184	280.29712	1433.3553	10.054136	1562.1962
2007	AQ	4503.47	1223.4857	279.726	1430.4419	10.049668	1559.7766
2007	AS	4498.142	1224.3947	277.82968	1424.629	10.175614	1561.1256
2007	B6	4514.4395	1222.3959	277.0603	1434.4679	10.17972	1570.3457
2007	CO	4528.6685	1220.1982	276.7118	1449.0492	10.293704	1572.4282
2007	DL	4527.034	1221.8029	274.13217	1451.705	10.213822	1569.1865
2007	EV	4501.183	1234.1302	278.74017	1433.2466	10.040869	1545.0294
2007	F9	4480.6724	1228.8174	277.1945	1428.2728	9.996101	1536.3926
2007	FL	4484.6094	1224.7422	275.1786	1428.8063	9.903632	1545.9777
2007	HA	4476.3784	1223.7107	274.5311	1425.3433	9.890119	1542.902
2007	MQ	4508.7964	1228.0505	277.0978	1429.8225	9.719525	1564.1046
2007	NW	4512.2446	1238.5302	276.71234	1431.7045	9.673439	1555.6179
2007	OH	4494.8794	1239.2764	283.83124	1426.8033	9.59045	1535.3636
2007	OO	4483.791	1247.2831	282.05392	1409.8966	9.636547	1534.9011
2007	UA	4533.4053	1255.7433	281.57556	1421.9061	9.52553	1564.6317
2007	US	4567.04	1266.5957	280.21124	1432.6266	9.665991	1577.9132
2007	WN	4657.763	1281.3466	283.54294	1439.1953	10.081211	1643.5675
2007	XE	4656.2188	1274.0664	281.98538	1444.1289	10.043446	1645.9652
2007	YV	4628.5483	1274.064	279.22162	1427.4983	9.9839	1637.7478
2008	9E	4581.953	1263.5144	276.2973	1411.3151	9.832833	1620.9692
2008	AA	4646.2017	1283.4592	278.24832	1431.5931	9.801762	1643.0851
2008	AQ	4645.153	1283.2224	278.18115	1431.2228	9.80043	1642.7114
2008	AS	4632.5103	1280.5206	276.90768	1426.3052	9.820888	1638.9476
2008	B6	4642.7007	1280.4014	275.7875	1432.821	9.782857	1643.8994
2008	CO	4652.703	1280.6443	275.6702	1442.6285	9.829625	1643.9169
2008	DL	4650.274	1279.984	273.92645	1446.0502	9.713617	1640.5907
2008	EV	4618.531	1277.8989	275.82773	1434.7047	9.59112	1620.5013
2008	F9	4601.1655	1273.3815	274.47693	1430.4874	9.540119	1613.2749
2008	FL	4603.3257	1268.6991	272.79987	1431.2665	9.467246	1621.0851
2008	HA	4597.545	1268.3494	272.32886	1428.517	9.45129	1618.8916
2008	MQ	4602.1753	1268.1005	272.84583	1428.549	9.320567	1623.349
2008	NW	4588.537	1268.6426	272.86322	1425.1406	9.254497	1612.6304
2008	OH	4570.858	1266.4265	277.20425	1421.3737	9.166692	1596.6807
2008	OO	4551.171	1260.5989	275.275	1414.2574	9.125999	1591.9017
2008	UA	4580.0947	1265.6558	274.66797	1421.1741	9.048261	1609.529
2008	US	4577.682	1264.5464	272.97086	1423.309	9.071479	1607.7601
2008	WN	4656.877	1277.9667	276.10284	1429.8156	9.267649	1663.699
2008	XE	4646.632	1272.1227	274.67978	1430.5798	9.269777	1659.9573
2008	YV	4619.944	1273.7205	272.70905	1419.2938	9.231636	1644.9633
2009	9E	4576.235	1263.0042	269.95914	1405.6953	9.12295	1628.4287
2009	AA	4601.8354	1274.0939	271.78262	1411.5497	9.075005	1635.3053
2009	AS	4585.5205	1269.9725	270.6651	1406.3875	9.051229	1629.4174
2009	B6	4586.4785	1270.3221	269.7015	1408.3033	9.027382	1629.0984
2009	CO	4584.1177	1268.6223	269.31094	1412.1094	9.071867	1624.977
2009	DL	4579.1675	1266.9667	268.01724	1414.7042	8.990854	1620.4639
2009	EV	4567.3994	1262.2518	266.6081	1410.273	8.896243	1619.3477
2009	F9	4555.09	1258.3259	265.5998	1406.4601	8.856575	1615.827
2009	FL	4554.5073	1254.7451	264.0982	1406.0806	8.798143	1620.7615
2009	HA	4549.0195	1254.3766	263.66745	1403.7224	8.787747	1618.4425
2009	MQ	4536.6724	1250.9547	263.78836	1397.9586	8.704119	1615.2329
2009	NW	4524.1245	1250.0668	263.5616	1394.2623	8.663447	1607.5338
2009	OH	4512.15	1247.8577	265.62378	1392.3673	8.613208	1597.651
2009	OO	4487.989	1238.0814	262.66373	1383.8933	8.536031	1594.7771
2009	UA	4487.0894	1237.047	261.5164	1382.4143	8.485801	1597.5894
2009	US	4481.8853	1235.1119	260.15323	1384.0627	8.481582	1594.04
2009	WN	4525.7803	1245.148	261.72852	1385.7354	8.594596	1624.5374
2009	XE	4512.912	1238.7845	260.74783	1386.7001	8.561912	1618.0797
2009	YV	4486.92	1239.6859	259.65723	1377.9248	8.5104685	1601.1018
2010	9E	4452.015	1231.7042	257.38443	1365.748	8.428556	1588.7098
2010	AA	4464.148	1238.8696	258.3942	1367.7483	8.413084	1590.6824
2010	AS	4447.908	1234.648	257.3403	1362.6578	8.391187	1584.8336
2010	B6	4450.1294	1236.8025	256.6394	1362.6699	8.384806	1585.5957
2010	CO	4443.003	1235.172	256.05777	1362.2269	8.493108	1581.0171
2010	DL	4461.176	1245.3959	256.35654	1366.2023	8.427175	1584.7578
2010	EV	4443.8228	1242.5175	255.05054	1357.1144	8.354694	1580.7546
2010	F9	4431.7656	1238.7834	254.12157	1353.2458	8.321068	1577.2664
2010	FL	4422.448	1234.3182	252.8202	1350.3805	8.269706	1576.6317
2010	HA	4417.806	1233.8038	252.46782	1348.4495	8.261321	1574.7975
2010	MQ	4403.219	1230.1672	252.27118	1342.5066	8.203123	1570.0376
2010	OH	4386.565	1228.469	252.28288	1337.6897	8.152215	1559.9369
2010	OO	4375.59	1222.6823	250.04707	1331.6312	8.098583	1563.1014
2010	UA	4366.897	1219.5986	248.97441	1328.8544	8.054777	1561.39
2010	US	4358.423	1217.512	247.9147	1327.7759	8.07666	1557.1206
2010	WN	4407.3086	1231.2328	249.30626	1329.2845	8.229953	1589.2277
2010	XE	4396.5547	1227.0197	247.99376	1327.0917	8.239432	1586.1814
2010	YV	4371.059	1220.6531	246.42467	1318.4958	8.196965	1577.2523
2011	AA	4384.1777	1227.8751	247.66861	1320.4017	8.156671	1580.047
2011	AS	4370.1504	1224.2958	246.7509	1316.1035	8.141432	1574.8287
2011	B6	4376.008	1226.9159	246.23973	1317.7726	8.1345005	1576.9165
2011	CO	4373.294	1226.5784	245.87086	1319.0917	8.146914	1573.5841
2011	DL	4374.6094	1229.8315	245.52454	1318.7894	8.080211	1572.3638
2011	EV	4363.575	1229.963	244.2288	1309.7504	8.021912	1571.5916
2011	F9	4352.2563	1226.4822	243.38544	1306.7415	7.9899607	1567.6367
2011	FL	4342.9204	1222.3264	242.30344	1304.2378	7.9469266	1566.0864
2011	HA	4338.874	1221.751	242.0138	1302.5823	7.938373	1564.5702
2011	MQ	4324.841	1218.4873	242.16695	1297.9515	7.852791	1558.3545
2011	OO	4312.83	1213.0397	240.19745	1291.9054	7.8009953	1559.856
2011	UA	4310.5093	1211.7076	239.45035	1291.1962	7.7684646	1560.359
2011	US	4308.7725	1212.0309	238.82332	1292.2415	7.8030667	1557.853
2011	WN	4352.1313	1223.0702	240.161	1293.6995	7.960146	1587.2188
2011	XE	4349.2217	1223.3412	238.9264	1291.0511	7.928077	1587.947
2011	YV	4328.3516	1217.6118	237.8787	1283.5634	7.887698	1581.382
2012	AA	4341.902	1224.0437	238.642	1284.7897	7.866283	1586.523
2012	AS	4329.5596	1220.7941	237.91313	1280.9547	7.8556223	1582.0004
2012	B6	4330.2817	1222.0262	237.47217	1280.1814	7.8540344	1582.7062
2012	DL	4321.1465	1222.8099	236.30011	1276.4512	7.7899213	1577.7479
2012	EV	4334.822	1230.1953	235.85922	1273.0847	7.7291527	1587.9133
2012	F9	4321.801	1226.445	234.96005	1269.5358	7.696833	1583.1161
2012	FL	4312.406	1223.1738	234.04457	1267.0916	7.6646357	1580.3844
2012	HA	4308.7173	1222.7264	233.78824	1265.6035	7.6583505	1578.8934
2012	MQ	4292.3394	1219.195	234.27808	1258.9009	7.592801	1572.322
2012	OO	4279.326	1214.0957	232.35013	1252.8414	7.537239	1572.4514
2012	UA	4293.6016	1219.9658	231.93916	1255.6462	7.5540147	1578.448
2012	US	4284.27	1218.0779	231.07697	1254.1123	7.569683	1573.3821
2012	VX	4283.5454	1217.3237	231.10042	1254.6593	7.5676184	1572.8412
2012	WN	4314.0674	1226.56	232.0093	1255.3087	7.670592	1592.467
2012	YV	4296.277	1221.7133	230.94359	1249.3561	7.6422586	1586.5724
2013	9E	4279.7393	1218.0503	229.83084	1244.3618	7.5987387	1579.8386
2013	AA	4292.8643	1222.4973	230.53786	1245.5211	7.59258	1586.6514
2013	AS	4281.14	1219.2455	229.82857	1242.2659	7.5980244	1582.1322
2013	B6	4285.7754	1220.8536	229.34721	1243.3276	7.6291304	1584.5448
2013	DL	4284.8135	1225.3146	229.1715	1242.0157	7.6038246	1580.6351
2013	EV	4305.7793	1231.1675	228.41406	1244.7258	7.5489807	1593.8516
2013	F9	4292.732	1226.9108	227.4926	1241.672	7.5147014	1589.0654
2013	FL	4290.7246	1225.6263	227.09422	1240.927	7.4930053	1589.5093
2013	HA	4286.958	1225.101	226.84738	1239.4834	7.488659	1587.9609
2013	MQ	4286.2993	1223.9766	228.50655	1237.4299	7.435049	1588.8671
2013	OO	4278.226	1220.7228	227.13777	1232.6549	7.402553	1590.2252
2013	UA	4287.9644	1223.8958	227.04295	1235.6528	7.3967752	1593.8936
2013	US	4284.9556	1223.6716	226.42413	1236.3799	7.423625	1590.9761
2013	VX	4283.621	1222.774	226.38286	1236.6276	7.4466796	1590.3093
2013	WN	4324.5186	1233.6182	227.60362	1239.4243	7.5397873	1616.2583
2013	YV	4312.391	1230.064	226.85222	1234.643	7.535922	1613.2272
2014	AA	4328.0234	1235.4194	227.85735	1236.8583	7.5177655	1620.3065
2014	AS	4317.208	1232.3683	227.18768	1233.8877	7.5112104	1616.185
2014	B6	4318.319	1232.8405	227.08994	1234.2783	7.527338	1616.5195
2014	DL	4317.657	1236.4847	227.77351	1233.2358	7.4795666	1612.6254
2014	EV	4329.4893	1241.1454	226.81519	1234.4116	7.414579	1619.6561
2014	F9	4318.66	1237.3667	225.98685	1232.1531	7.383874	1615.7239
2014	FL	4313.06	1235.6151	225.61516	1230.4236	7.3681054	1613.9943
2014	HA	4309.686	1235.1298	225.39822	1229.1322	7.3616304	1612.6195
2014	MQ	4304.6997	1232.6913	226.01945	1227.7998	7.3307467	1610.8157
2014	OO	4298.3174	1230.442	224.6607	1223.4591	7.2945766	1612.4198
2014	UA	4311.7603	1234.9783	225.07161	1227.0266	7.261223	1617.3813
2014	US	4310.1123	1235.8225	224.7093	1227.366	7.2983074	1614.8721
2014	VX	4308.68	1234.9408	224.68457	1227.5814	7.298777	1614.1306
2014	WN	4364.5317	1251.1353	225.93582	1230.9664	7.3306537	1649.1163
2015	AA	4382.1655	1258.8007	227.16685	1233.6433	7.375679	1655.1364
2015	AS	4371.1587	1255.8362	226.51021	1230.5397	7.3776665	1650.8563
2015	B6	4373.442	1256.6797	226.266	1231.0588	7.408617	1651.997
2015	DL	4371.4595	1259.287	227.31732	1229.2097	7.36321	1648.2443
2015	EV	4362.5796	1258.6808	225.92209	1225.522	7.2906275	1645.1277
2015	F9	4357.1704	1256.5732	225.34132	1224.681	7.268414	1643.2733
2015	HA	4354.446	1256.275	225.16956	1223.4689	7.263034	1642.2357
2015	MQ	4343.375	1252.8613	225.61095	1219.6652	7.247986	1637.96
2015	NK	4345.5366	1252.7318	225.38666	1221.919	7.259174	1638.2108
2015	OO	4332.893	1249.9019	224.30513	1215.9423	7.233291	1635.4689
2015	UA	4345.7046	1254.8593	224.84346	1217.6366	7.2060804	1641.1147
2015	US	4345.47	1255.3036	224.7124	1217.9923	7.220792	1640.196
2015	VX	4344.1577	1254.6301	224.64915	1217.8857	7.2221165	1639.7252
2015	WN	4382.157	1266.849	226.15924	1219.8722	7.2434797	1661.9884
2016	AA	4410.296	1277.5425	227.60243	1226.0981	7.3099623	1671.6948
2016	AS	4398.6494	1274.1893	226.91476	1223.1876	7.3063745	1667.0079
2016	B6	4402.778	1275.7217	226.7537	1223.5481	7.3387856	1669.371
2016	DL	4404.2944	1280.8765	227.17049	1222.0568	7.304605	1666.8398
2016	EV	4393.8315	1281.0499	225.69336	1217.3859	7.238339	1662.4116
2016	F9	4388.5347	1279.1781	225.17917	1215.9117	7.2179294	1660.9904
2016	HA	4385.6426	1278.7509	225.01479	1214.7925	7.2147985	1659.8102
2016	NK	4386.901	1277.8368	224.7243	1218.2081	7.218115	1658.8538
2016	OO	4372.1606	1274.8921	223.88593	1211.8647	7.175103	1654.2787
2016	UA	4380.3267	1277.2782	224.23854	1213.6473	7.1502643	1657.9476
2016	VX	4379.384	1276.6052	224.18428	1213.7461	7.1588016	1657.6256
2016	WN	4411.2734	1285.4117	225.4648	1216.6398	7.2142196	1676.485
2017	AA	4412.934	1286.0608	225.51917	1217.1039	7.222511	1676.9692
2017	AS	4412.351	1285.8384	225.50401	1216.995	7.2226543	1676.7329
2017	B6	4412.921	1286.0297	225.47905	1217.066	7.2292037	1677.0591
2017	DL	4414.438	1286.9126	225.87018	1217.1987	7.2262373	1677.1711
2017	EV	4414.399	1287.3298	225.75632	1216.8998	7.2209563	1677.1317
2017	F9	4413.995	1287.1821	225.7097	1216.7926	7.219187	1677.032
2017	HA	4413.835	1287.2017	225.69586	1216.6997	7.2191157	1676.9586
2017	NK	4413.9966	1287.113	225.66887	1217.0892	7.218408	1676.8477
2017	OO	4414.4307	1287.3357	225.73671	1216.9044	7.217914	1677.1768
2017	UA	4415.484	1287.6863	225.75055	1217.2721	7.2157393	1677.4999
2017	VX	4415.5947	1287.6427	225.75743	1217.3694	7.215406	1677.5505
2017	WN	4419.3945	1288.4545	225.91293	1217.9801	7.2161455	1679.7721
